graph {
	0
	1
	2
	3
	4
	5
	6
	7
	8
	9
	10
	11
	12
	13
	14
	15
	16
	17
	18
	19
	20
	21
	22
	23
	24
	25
	26
	27
	28
	29
	30
	31
	32
	33
	34
	35
	36
	37
	38
	39
	40
	41
	42
	43
	44
	45
	46
	47
	48
	49
	50
	51
	52
	53
	54
	55
	56
	57
	58
	59
	60
	61
	62
	63
	64
	65
	66
	67
	68
	69
	70
	71
	72
	73
	74
	75
	76
	77
	78
	79
	80
	81
	82
	83
	84
	85
	86
	87
	88
	89
	90
	91
	92
	93
	94
	95
	96
	97
	98
	99
	100
	101
	102
	103
	104
	105
	106
	107
	108
	109
	110
	111
	112
	113
	114
	115
	116
	117
	118
	119
	120
	121
	122
	123
	124
	125
	126
	127
	128
	129
	130
	131
	132
	133
	134
	135
	136
	137
	138
	139
	140
	141
	142
	143
	144
	145
	146
	147
	148
	149
	150
	151
	152
	153
	154
	155
	156
	157
	158
	159
	160
	161
	162
	163
	164
	165
	166
	167
	168
	169
	170
	171
	172
	173
	174
	175
	176
	177
	178
	179
	180
	181
	182
	183
	184
	185
	186
	187
	188
	189
	190
	191
	192
	193
	194
	195
	196
	197
	198
	199
	200
	201
	202
	203
	204
	205
	206
	207
	208
	209
	210
	211
	212
	213
	214
	215
	216
	217
	218
	219
	220
	221
	222
	223
	224
	225
	226
	227
	228
	229
	230
	231
	232
	233
	234
	235
	236
	237
	238
	239
	240
	241
	242
	243
	244
	245
	246
	247
	248
	249
	250
	251
	252
	253
	254
	255
	256
	257
	258
	259
	260
	261
	262
	263
	264
	265
	266
	267
	268
	269
	270
	271
	272
	273
	274
	275
	276
	277
	278
	279
	280
	281
	282
	283
	284
	285
	286
	287
	288
	289
	290
	291
	292
	293
	294
	295
	296
	297
	298
	299
	300
	301
	302
	303
	304
	305
	306
	307
	308
	309
	310
	311
	312
	313
	314
	315
	316
	317
	318
	319
	320
	321
	322
	323
	324
	325
	326
	327
	328
	329
	330
	331
	332
	333
	334
	335
	336
	337
	338
	339
	340
	341
	342
	343
	344
	345
	346
	347
	348
	349
	350
	351
	352
	353
	354
	355
	356
	357
	358
	359
	360
	361
	362
	363
	364
	365
	366
	367
	368
	369
	370
	371
	372
	373
	374
	375
	376
	377
	378
	379
	380
	381
	382
	383
	384
	385
	386
	387
	388
	389
	390
	391
	392
	393
	394
	395
	396
	397
	398
	399
	400
	401
	402
	403
	404
	405
	406
	407
	408
	409
	410
	411
	412
	413
	414
	415
	416
	417
	418
	419
	420
	421
	422
	423
	424
	425
	426
	427
	428
	429
	430
	431
	432
	433
	434
	435
	436
	437
	438
	439
	440
	441
	442
	443
	444
	445
	446
	447
	448
	449
	450
	451
	452
	453
	454
	455
	456
	457
	458
	459
	460
	461
	462
	463
	464
	465
	466
	467
	468
	469
	470
	471
	472
	473
	474
	475
	476
	477
	478
	479
	480
	481
	482
	483
	484
	485
	486
	487
	488
	489
	490
	491
	492
	493
	494
	495
	496
	497
	498
	499
	500
	501
	502
	503
	504
	505
	506
	507
	508
	509
	510
	511
	512
	513
	514
	515
	516
	517
	518
	519
	520
	521
	522
	523
	524
	525
	526
	527
	528
	529
	530
	531
	532
	533
	534
	535
	536
	537
	538
	539
	540
	541
	542
	543
	544
	545
	546
	547
	548
	549
	550
	551
	552
	553
	554
	555
	556
	557
	558
	559
	560
	561
	562
	563
	564
	565
	566
	567
	568
	569
	570
	571
	572
	573
	574
	575
	576
	577
	578
	579
	580
	581
	582
	583
	584
	585
	586
	587
	588
	589
	590
	591
	592
	593
	594
	595
	596
	597
	598
	599
	600
	601
	602
	603
	604
	605
	606
	607
	608
	609
	610
	611
	612
	613
	614
	615
	616
	617
	618
	619
	620
	621
	622
	623
	624
	625
	626
	627
	628
	629
	630
	631
	632
	633
	634
	635
	636
	637
	638
	639
	640
	641
	642
	643
	644
	645
	646
	647
	648
	649
	650
	651
	652
	653
	654
	655
	656
	657
	658
	659
	660
	661
	662
	663
	664
	665
	666
	667
	668
	669
	670
	671
	672
	673
	674
	675
	676
	677
	678
	679
	680
	681
	682
	683
	684
	685
	686
	687
	688
	689
	690
	691
	692
	693
	694
	695
	696
	697
	698
	699
	700
	701
	702
	703
	704
	705
	706
	707
	708
	709
	710
	711
	712
	713
	714
	715
	716
	717
	718
	719
	720
	721
	722
	723
	724
	725
	726
	727
	728
	729
	730
	731
	732
	733
	734
	735
	736
	737
	738
	739
	740
	741
	742
	743
	744
	745
	746
	747
	748
	749
	750
	751
	752
	753
	754
	755
	756
	757
	758
	759
	760
	761
	762
	763
	764
	765
	766
	767
	768
	769
	770
	771
	772
	773
	774
	775
	776
	777
	778
	779
	780
	781
	782
	783
	784
	785
	786
	787
	788
	789
	790
	791
	792
	793
	794
	795
	796
	797
	798
	799
	800
	801
	802
	803
	804
	805
	806
	807
	808
	809
	810
	811
	812
	813
	814
	815
	816
	817
	818
	819
	820
	821
	822
	823
	824
	825
	826
	827
	828
	829
	830
	831
	832
	833
	834
	835
	836
	837
	838
	839
	840
	841
	842
	843
	844
	845
	846
	847
	848
	849
	850
	851
	852
	853
	854
	855
	856
	857
	858
	859
	860
	861
	862
	863
	864
	865
	866
	867
	868
	869
	870
	871
	872
	873
	874
	875
	876
	877
	878
	879
	880
	881
	882
	883
	884
	885
	886
	887
	888
	889
	890
	891
	892
	893
	894
	895
	896
	897
	898
	899
	900
	901
	902
	903
	904
	905
	906
	907
	908
	909
	910
	911
	912
	913
	914
	915
	916
	917
	918
	919
	920
	921
	922
	923
	924
	925
	926
	927
	928
	929
	930
	931
	932
	933
	934
	935
	936
	937
	938
	939
	940
	941
	942
	943
	944
	945
	946
	947
	948
	949
	950
	951
	952
	953
	954
	955
	956
	957
	958
	959
	960
	961
	962
	963
	964
	965
	966
	967
	968
	969
	970
	971
	972
	973
	974
	975
	976
	977
	978
	979
	980
	981
	982
	983
	984
	985
	986
	987
	988
	989
	990
	991
	992
	993
	994
	995
	996
	997
	998
	999
	0 -- 633
	0 -- 1862
	0 -- 2582
	1 -- 2
	1 -- 652
	1 -- 654
	2 -- 1
	2 -- 332
	2 -- 1454
	2 -- 1666
	2 -- 1986
	3 -- 2544
	4 -- 1016
	4 -- 1256
	4 -- 1761
	4 -- 2175
	4 -- 2176
	5 -- 1629
	5 -- 1659
	5 -- 2546
	6 -- 373
	6 -- 1042
	6 -- 1416
	6 -- 1602
	7 -- 208
	8 -- 269
	8 -- 281
	8 -- 1996
	9 -- 723
	9 -- 2614
	10 -- 476
	10 -- 2545
	11 -- 1655
	11 -- 1839
	12 -- 1001
	12 -- 1318
	12 -- 2661
	12 -- 2662
	13 -- 1701
	13 -- 1810
	14 -- 158
	14 -- 2034
	14 -- 2075
	14 -- 2077
	14 -- 2668
	15 -- 1090
	15 -- 1093
	15 -- 1271
	15 -- 2367
	16 -- 970
	16 -- 1632
	16 -- 2444
	16 -- 2642
	17 -- 24
	17 -- 927
	17 -- 1315
	17 -- 1316
	17 -- 2140
	18 -- 139
	18 -- 1560
	18 -- 1786
	18 -- 2082
	18 -- 2145
	19 -- 1939
	20 -- 1072
	20 -- 2269
	20 -- 2270
	20 -- 2374
	20 -- 2375
	21 -- 1043
	21 -- 2310
	22 -- 39
	22 -- 1234
	22 -- 1702
	22 -- 1703
	22 -- 2238
	23 -- 2159
	24 -- 17
	24 -- 201
	24 -- 598
	24 -- 1636
	24 -- 1701
	24 -- 2139
	24 -- 2141
	25 -- 1301
	25 -- 1344
	25 -- 2011
	25 -- 2317
	26 -- 99
	26 -- 122
	26 -- 123
	26 -- 2454
	26 -- 2455
	27 -- 606
	27 -- 1810
	27 -- 2360
	27 -- 2578
	28 -- 1687
	29 -- 963
	29 -- 2645
	30 -- 697
	30 -- 738
	30 -- 1358
	30 -- 1416
	30 -- 2162
	30 -- 2343
	31 -- 1594
	32 -- 279
	32 -- 518
	32 -- 1850
	32 -- 1973
	33 -- 286
	33 -- 588
	33 -- 698
	33 -- 911
	33 -- 1051
	33 -- 2040
	33 -- 2119
	33 -- 2120
	33 -- 2121
	34 -- 1358
	35 -- 895
	35 -- 1296
	35 -- 1913
	36 -- 1146
	36 -- 1505
	36 -- 1552
	36 -- 1640
	36 -- 1781
	36 -- 2094
	36 -- 2106
	36 -- 2107
	37 -- 60
	37 -- 1190
	37 -- 2427
	38 -- 429
	38 -- 862
	38 -- 863
	38 -- 1160
	39 -- 22
	39 -- 1349
	39 -- 1522
	39 -- 1532
	39 -- 1634
	39 -- 1965
	39 -- 2357
	40 -- 507
	40 -- 866
	40 -- 1364
	41 -- 175
	41 -- 596
	41 -- 644
	41 -- 1914
	42 -- 87
	42 -- 1372
	43 -- 152
	43 -- 963
	43 -- 1530
	43 -- 1653
	43 -- 2399
	43 -- 2400
	44 -- 1582
	44 -- 2624
	44 -- 2701
	45 -- 733
	45 -- 1219
	45 -- 1986
	45 -- 2303
	45 -- 2667
	45 -- 2668
	46 -- 1604
	46 -- 2366
	47 -- 163
	47 -- 1579
	48 -- 598
	48 -- 714
	48 -- 1031
	48 -- 1662
	48 -- 1666
	48 -- 2041
	48 -- 2205
	48 -- 2206
	48 -- 2471
	49 -- 1666
	49 -- 2034
	50 -- 1441
	51 -- 457
	51 -- 710
	51 -- 1392
	51 -- 2213
	51 -- 2214
	51 -- 2215
	52 -- 1139
	52 -- 1467
	52 -- 2053
	52 -- 2172
	52 -- 2182
	53 -- 1103
	53 -- 1358
	53 -- 1739
	54 -- 401
	54 -- 767
	55 -- 60
	55 -- 210
	55 -- 323
	55 -- 651
	55 -- 771
	55 -- 787
	55 -- 815
	55 -- 1079
	55 -- 1156
	55 -- 1983
	55 -- 2020
	55 -- 2021
	56 -- 412
	56 -- 447
	56 -- 1616
	56 -- 1849
	57 -- 2418
	58 -- 1715
	59 -- 105
	59 -- 580
	59 -- 609
	59 -- 615
	59 -- 1067
	59 -- 1287
	59 -- 1358
	59 -- 1627
	59 -- 1725
	59 -- 2651
	60 -- 37
	60 -- 55
	60 -- 1527
	61 -- 1080
	61 -- 1309
	61 -- 1416
	61 -- 2162
	61 -- 2312
	62 -- 485
	63 -- 1322
	64 -- 1209
	64 -- 1737
	64 -- 2616
	65 -- 239
	65 -- 543
	65 -- 619
	65 -- 771
	65 -- 1156
	65 -- 1293
	65 -- 1628
	65 -- 2021
	65 -- 2418
	65 -- 2419
	66 -- 2631
	67 -- 282
	67 -- 540
	67 -- 2628
	68 -- 391
	68 -- 1358
	68 -- 1986
	69 -- 604
	69 -- 1013
	69 -- 1351
	69 -- 1914
	69 -- 1920
	69 -- 1926
	69 -- 2189
	70 -- 441
	70 -- 2184
	71 -- 206
	71 -- 1986
	71 -- 2691
	72 -- 1103
	72 -- 1358
	73 -- 449
	73 -- 558
	73 -- 797
	73 -- 876
	73 -- 1035
	73 -- 1136
	73 -- 1189
	73 -- 1214
	73 -- 1358
	73 -- 1723
	73 -- 1745
	73 -- 1751
	74 -- 544
	74 -- 586
	74 -- 1042
	74 -- 1118
	74 -- 1416
	74 -- 1517
	74 -- 2052
	74 -- 2155
	74 -- 2419
	75 -- 84
	75 -- 583
	75 -- 2222
	75 -- 2223
	75 -- 2224
	75 -- 2225
	76 -- 88
	76 -- 2018
	76 -- 2178
	77 -- 659
	77 -- 1803
	78 -- 1219
	78 -- 1329
	78 -- 1418
	79 -- 603
	79 -- 2097
	80 -- 257
	80 -- 1117
	80 -- 2049
	81 -- 347
	81 -- 423
	81 -- 527
	81 -- 2180
	82 -- 1138
	82 -- 1634
	83 -- 1520
	83 -- 2581
	84 -- 75
	84 -- 284
	84 -- 2223
	84 -- 2224
	84 -- 2226
	85 -- 1065
	85 -- 2487
	85 -- 2488
	86 -- 429
	86 -- 1336
	86 -- 2034
	86 -- 2295
	87 -- 42
	87 -- 842
	87 -- 2164
	88 -- 76
	88 -- 130
	88 -- 162
	88 -- 300
	88 -- 415
	88 -- 498
	88 -- 696
	88 -- 737
	88 -- 743
	88 -- 815
	88 -- 841
	88 -- 851
	88 -- 1174
	88 -- 1288
	88 -- 1309
	88 -- 1394
	88 -- 1494
	88 -- 1527
	88 -- 1658
	88 -- 1677
	88 -- 1713
	88 -- 1732
	88 -- 1741
	88 -- 1847
	88 -- 1882
	88 -- 1908
	88 -- 2010
	88 -- 2011
	88 -- 2012
	88 -- 2013
	88 -- 2014
	88 -- 2015
	88 -- 2016
	88 -- 2017
	88 -- 2178
	88 -- 2394
	89 -- 258
	89 -- 884
	89 -- 1087
	89 -- 1094
	89 -- 1157
	89 -- 1401
	89 -- 1530
	89 -- 1585
	89 -- 1653
	89 -- 2463
	90 -- 155
	90 -- 156
	90 -- 817
	90 -- 1358
	91 -- 330
	91 -- 1046
	91 -- 2001
	91 -- 2122
	91 -- 2123
	91 -- 2380
	92 -- 898
	92 -- 1836
	93 -- 550
	93 -- 950
	93 -- 1495
	93 -- 2151
	94 -- 195
	94 -- 586
	94 -- 675
	94 -- 733
	94 -- 934
	94 -- 1649
	94 -- 1966
	94 -- 2263
	94 -- 2355
	94 -- 2357
	94 -- 2490
	95 -- 334
	95 -- 456
	95 -- 693
	95 -- 734
	95 -- 736
	95 -- 861
	95 -- 1303
	95 -- 1535
	95 -- 1580
	95 -- 1602
	95 -- 1628
	95 -- 1838
	95 -- 2054
	95 -- 2074
	95 -- 2181
	95 -- 2182
	95 -- 2183
	95 -- 2197
	95 -- 2199
	95 -- 2200
	95 -- 2201
	96 -- 2217
	97 -- 661
	97 -- 1353
	98 -- 1521
	99 -- 26
	99 -- 122
	99 -- 123
	99 -- 2454
	99 -- 2455
	99 -- 2604
	100 -- 1602
	100 -- 2056
	101 -- 281
	101 -- 1358
	101 -- 1589
	102 -- 109
	102 -- 1251
	102 -- 1448
	102 -- 1561
	102 -- 1623
	102 -- 1871
	102 -- 1878
	102 -- 2256
	103 -- 139
	103 -- 306
	103 -- 484
	103 -- 608
	103 -- 1775
	103 -- 1790
	104 -- 401
	104 -- 864
	104 -- 1065
	104 -- 2210
	105 -- 59
	105 -- 1721
	105 -- 2476
	105 -- 2651
	106 -- 2461
	107 -- 541
	107 -- 971
	107 -- 1113
	107 -- 1650
	108 -- 1647
	108 -- 2157
	108 -- 2209
	109 -- 102
	109 -- 124
	109 -- 133
	109 -- 153
	109 -- 176
	109 -- 236
	109 -- 289
	109 -- 306
	109 -- 318
	109 -- 426
	109 -- 459
	109 -- 519
	109 -- 563
	109 -- 610
	109 -- 1045
	109 -- 1337
	109 -- 1346
	109 -- 1624
	109 -- 1661
	109 -- 1769
	109 -- 1772
	109 -- 1779
	109 -- 1785
	109 -- 1787
	109 -- 1789
	109 -- 1805
	109 -- 1998
	109 -- 2045
	109 -- 2092
	109 -- 2093
	109 -- 2094
	109 -- 2095
	110 -- 567
	110 -- 1161
	110 -- 1262
	110 -- 1599
	110 -- 2279
	111 -- 758
	111 -- 1169
	111 -- 1358
	111 -- 1762
	111 -- 2492
	111 -- 2643
	112 -- 306
	112 -- 487
	112 -- 1623
	112 -- 2080
	113 -- 540
	113 -- 747
	113 -- 1884
	114 -- 610
	114 -- 2288
	114 -- 2506
	115 -- 973
	116 -- 1076
	116 -- 1501
	117 -- 259
	117 -- 2537
	118 -- 255
	118 -- 388
	118 -- 446
	118 -- 454
	118 -- 554
	118 -- 581
	118 -- 842
	118 -- 1029
	118 -- 1343
	118 -- 1507
	118 -- 1538
	118 -- 1616
	118 -- 1690
	118 -- 1851
	118 -- 2010
	118 -- 2030
	118 -- 2112
	118 -- 2165
	118 -- 2166
	119 -- 379
	119 -- 646
	119 -- 1537
	119 -- 1549
	119 -- 1901
	119 -- 1959
	120 -- 483
	120 -- 514
	120 -- 816
	120 -- 1842
	120 -- 2405
	121 -- 589
	121 -- 802
	121 -- 980
	121 -- 1158
	121 -- 1910
	121 -- 2251
	121 -- 2252
	122 -- 26
	122 -- 99
	122 -- 2454
	122 -- 2455
	123 -- 26
	123 -- 99
	123 -- 2455
	123 -- 2604
	124 -- 109
	124 -- 306
	124 -- 1367
	124 -- 1622
	124 -- 2478
	125 -- 458
	125 -- 2363
	126 -- 236
	126 -- 306
	126 -- 1551
	126 -- 1623
	126 -- 2045
	126 -- 2079
	127 -- 2604
	128 -- 233
	128 -- 370
	128 -- 392
	128 -- 2270
	129 -- 441
	129 -- 701
	130 -- 88
	130 -- 1982
	130 -- 2017
	131 -- 834
	131 -- 2169
	132 -- 379
	132 -- 479
	132 -- 904
	132 -- 1022
	132 -- 1959
	133 -- 109
	133 -- 399
	133 -- 452
	133 -- 1623
	133 -- 1670
	133 -- 1777
	133 -- 1784
	133 -- 2045
	133 -- 2082
	134 -- 406
	135 -- 137
	135 -- 2095
	135 -- 2144
	136 -- 831
	137 -- 135
	137 -- 2144
	137 -- 2329
	137 -- 2504
	138 -- 236
	138 -- 306
	138 -- 1776
	139 -- 18
	139 -- 103
	139 -- 306
	139 -- 660
	139 -- 910
	139 -- 1623
	139 -- 1780
	139 -- 2045
	140 -- 582
	140 -- 623
	141 -- 740
	141 -- 1002
	141 -- 2034
	142 -- 456
	142 -- 525
	142 -- 1628
	142 -- 2049
	142 -- 2181
	143 -- 316
	143 -- 598
	143 -- 1701
	144 -- 145
	144 -- 213
	144 -- 1593
	144 -- 2192
	145 -- 144
	145 -- 213
	145 -- 537
	145 -- 1165
	145 -- 1593
	145 -- 2622
	146 -- 897
	146 -- 1468
	146 -- 1907
	146 -- 1927
	146 -- 2059
	147 -- 1519
	147 -- 1976
	148 -- 378
	148 -- 381
	148 -- 602
	148 -- 714
	148 -- 2518
	149 -- 1080
	149 -- 1416
	149 -- 1655
	149 -- 2025
	150 -- 310
	150 -- 914
	150 -- 1942
	151 -- 1986
	151 -- 2236
	151 -- 2238
	151 -- 2335
	152 -- 43
	152 -- 884
	152 -- 2238
	152 -- 2240
	153 -- 109
	153 -- 236
	153 -- 306
	153 -- 459
	153 -- 1623
	153 -- 2045
	154 -- 326
	154 -- 364
	154 -- 819
	154 -- 1238
	154 -- 1339
	154 -- 1358
	154 -- 1444
	154 -- 1568
	154 -- 1752
	154 -- 1753
	154 -- 1754
	154 -- 2525
	155 -- 90
	155 -- 156
	155 -- 817
	155 -- 1358
	155 -- 1689
	155 -- 1736
	155 -- 1763
	156 -- 90
	156 -- 155
	156 -- 817
	156 -- 1358
	156 -- 1689
	156 -- 1763
	157 -- 598
	157 -- 1701
	157 -- 1870
	157 -- 2493
	158 -- 14
	158 -- 180
	158 -- 1701
	158 -- 2034
	159 -- 180
	159 -- 2308
	160 -- 277
	160 -- 553
	160 -- 743
	160 -- 745
	160 -- 1986
	160 -- 2000
	160 -- 2009
	161 -- 842
	161 -- 2010
	162 -- 88
	162 -- 323
	162 -- 1174
	162 -- 1268
	162 -- 1667
	163 -- 47
	164 -- 210
	164 -- 211
	165 -- 598
	165 -- 1473
	165 -- 2706
	165 -- 2707
	166 -- 271
	166 -- 2617
	167 -- 168
	167 -- 1056
	167 -- 2437
	167 -- 2482
	168 -- 167
	168 -- 2437
	168 -- 2438
	169 -- 1994
	169 -- 2706
	170 -- 1067
	170 -- 1358
	171 -- 775
	171 -- 790
	171 -- 1548
	172 -- 240
	172 -- 512
	172 -- 756
	172 -- 1692
	172 -- 2187
	173 -- 687
	173 -- 1033
	173 -- 1358
	173 -- 1586
	174 -- 629
	174 -- 1358
	174 -- 1742
	174 -- 2334
	175 -- 41
	175 -- 596
	175 -- 955
	175 -- 1914
	175 -- 2135
	175 -- 2217
	175 -- 2388
	176 -- 109
	176 -- 231
	176 -- 973
	177 -- 726
	177 -- 1639
	177 -- 2679
	177 -- 2682
	178 -- 833
	179 -- 197
	179 -- 231
	179 -- 1986
	180 -- 158
	180 -- 159
	180 -- 775
	180 -- 790
	180 -- 791
	180 -- 1020
	180 -- 1807
	180 -- 2004
	180 -- 2037
	180 -- 2076
	181 -- 1013
	181 -- 1359
	181 -- 1464
	181 -- 1683
	182 -- 183
	182 -- 997
	183 -- 182
	183 -- 997
	183 -- 1837
	184 -- 520
	185 -- 297
	185 -- 2003
	186 -- 1228
	186 -- 1319
	186 -- 1536
	186 -- 1672
	186 -- 2580
	186 -- 2702
	187 -- 1208
	188 -- 1169
	188 -- 1727
	189 -- 564
	189 -- 1072
	189 -- 1262
	189 -- 1509
	190 -- 491
	190 -- 2135
	191 -- 382
	191 -- 608
	191 -- 1677
	191 -- 1791
	191 -- 1998
	191 -- 2385
	192 -- 2472
	193 -- 441
	193 -- 458
	194 -- 473
	194 -- 1050
	194 -- 1451
	194 -- 2564
	194 -- 2646
	195 -- 94
	195 -- 2424
	196 -- 429
	196 -- 442
	196 -- 2122
	197 -- 179
	197 -- 231
	197 -- 2412
	198 -- 1255
	199 -- 420
	199 -- 1869
	200 -- 1439
	200 -- 2676
	201 -- 24
	201 -- 297
	201 -- 570
	201 -- 598
	201 -- 1701
	201 -- 1986
	201 -- 2430
	202 -- 353
	202 -- 1173
	202 -- 1250
	202 -- 1345
	203 -- 854
	203 -- 857
	203 -- 963
	203 -- 1115
	203 -- 1869
	204 -- 415
	205 -- 1701
	205 -- 1869
	206 -- 71
	206 -- 2691
	207 -- 833
	208 -- 7
	209 -- 2681
	210 -- 55
	210 -- 164
	210 -- 1079
	210 -- 1614
	210 -- 1626
	210 -- 1671
	210 -- 1905
	210 -- 1906
	210 -- 1907
	210 -- 2309
	211 -- 164
	211 -- 356
	211 -- 1394
	211 -- 1908
	211 -- 1909
	212 -- 1290
	213 -- 144
	213 -- 145
	213 -- 1593
	213 -- 2192
	214 -- 2194
	215 -- 1701
	215 -- 1986
	215 -- 2045
	216 -- 1542
	216 -- 1701
	217 -- 243
	217 -- 2473
	217 -- 2474
	218 -- 482
	218 -- 733
	218 -- 781
	218 -- 792
	218 -- 1020
	218 -- 1348
	218 -- 1382
	218 -- 2076
	218 -- 2091
	218 -- 2119
	218 -- 2594
	219 -- 507
	219 -- 1413
	219 -- 1542
	220 -- 376
	220 -- 817
	220 -- 913
	221 -- 817
	222 -- 821
	223 -- 744
	223 -- 1154
	223 -- 1761
	224 -- 1810
	224 -- 2034
	225 -- 2255
	226 -- 1701
	227 -- 534
	227 -- 883
	228 -- 322
	228 -- 848
	228 -- 1358
	228 -- 1721
	228 -- 1871
	229 -- 1053
	229 -- 1405
	229 -- 1894
	229 -- 2118
	230 -- 549
	230 -- 577
	230 -- 1095
	230 -- 1217
	230 -- 1810
	231 -- 176
	231 -- 179
	231 -- 197
	231 -- 232
	231 -- 387
	231 -- 551
	231 -- 1701
	231 -- 1868
	231 -- 2217
	232 -- 231
	232 -- 869
	232 -- 1701
	232 -- 1864
	232 -- 1986
	233 -- 128
	234 -- 610
	234 -- 2591
	235 -- 1701
	236 -- 109
	236 -- 126
	236 -- 138
	236 -- 153
	236 -- 306
	236 -- 1072
	236 -- 1572
	236 -- 2045
	236 -- 2046
	236 -- 2078
	236 -- 2079
	237 -- 2539
	238 -- 1828
	239 -- 65
	239 -- 619
	239 -- 887
	239 -- 910
	239 -- 1069
	239 -- 1220
	239 -- 1274
	239 -- 1376
	239 -- 1759
	239 -- 1909
	239 -- 2021
	239 -- 2182
	239 -- 2418
	240 -- 172
	240 -- 512
	240 -- 756
	240 -- 1472
	240 -- 1692
	241 -- 1441
	242 -- 279
	242 -- 838
	242 -- 1131
	242 -- 2280
	243 -- 217
	243 -- 473
	243 -- 2474
	243 -- 2647
	243 -- 2648
	244 -- 565
	244 -- 1072
	244 -- 1358
	244 -- 1610
	245 -- 782
	245 -- 1162
	246 -- 936
	246 -- 1358
	246 -- 1687
	246 -- 2515
	247 -- 2583
	248 -- 1264
	248 -- 1531
	248 -- 1964
	249 -- 621
	249 -- 1884
	249 -- 1978
	250 -- 2429
	251 -- 253
	251 -- 507
	251 -- 812
	251 -- 1300
	251 -- 1413
	251 -- 1542
	251 -- 1933
	252 -- 711
	252 -- 973
	252 -- 1973
	252 -- 2485
	253 -- 251
	253 -- 507
	253 -- 1413
	254 -- 507
	254 -- 1211
	255 -- 118
	255 -- 1266
	255 -- 1343
	255 -- 2112
	256 -- 756
	257 -- 80
	257 -- 964
	257 -- 1388
	257 -- 2180
	258 -- 89
	258 -- 963
	258 -- 1094
	258 -- 1153
	258 -- 1240
	258 -- 1401
	258 -- 2645
	259 -- 117
	259 -- 2537
	260 -- 365
	261 -- 873
	261 -- 1479
	261 -- 1701
	261 -- 1894
	262 -- 1351
	262 -- 1464
	263 -- 364
	263 -- 732
	263 -- 1103
	264 -- 472
	264 -- 844
	264 -- 1826
	264 -- 1902
	265 -- 1441
	266 -- 578
	266 -- 809
	266 -- 2227
	266 -- 2229
	267 -- 670
	267 -- 2000
	267 -- 2373
	268 -- 1740
	268 -- 2451
	269 -- 8
	269 -- 321
	269 -- 418
	269 -- 2543
	269 -- 2551
	270 -- 279
	270 -- 838
	270 -- 1195
	270 -- 1215
	270 -- 2280
	271 -- 166
	271 -- 638
	271 -- 1970
	271 -- 2387
	271 -- 2498
	272 -- 2012
	273 -- 374
	273 -- 846
	274 -- 748
	274 -- 749
	275 -- 805
	275 -- 1967
	276 -- 1463
	276 -- 1695
	276 -- 2133
	277 -- 160
	277 -- 553
	277 -- 696
	277 -- 973
	277 -- 1869
	278 -- 1185
	279 -- 32
	279 -- 242
	279 -- 270
	279 -- 304
	279 -- 502
	279 -- 666
	279 -- 838
	279 -- 1195
	279 -- 2165
	279 -- 2280
	279 -- 2344
	279 -- 2423
	280 -- 1535
	280 -- 2155
	281 -- 8
	281 -- 101
	281 -- 746
	281 -- 1000
	281 -- 1347
	281 -- 1382
	281 -- 2244
	281 -- 2247
	282 -- 67
	282 -- 747
	283 -- 1559
	283 -- 2250
	284 -- 84
	284 -- 583
	284 -- 2222
	284 -- 2223
	284 -- 2224
	284 -- 2225
	284 -- 2226
	285 -- 502
	285 -- 1999
	286 -- 33
	286 -- 442
	286 -- 698
	287 -- 2705
	288 -- 618
	289 -- 109
	289 -- 1358
	289 -- 1722
	290 -- 328
	290 -- 567
	290 -- 687
	290 -- 1765
	290 -- 2359
	291 -- 1692
	292 -- 2562
	293 -- 2038
	294 -- 306
	294 -- 2047
	295 -- 1176
	295 -- 1177
	296 -- 732
	296 -- 2685
	297 -- 185
	297 -- 201
	297 -- 598
	297 -- 899
	297 -- 1542
	298 -- 607
	298 -- 1095
	298 -- 1325
	299 -- 1484
	299 -- 2383
	299 -- 2386
	299 -- 2387
	299 -- 2498
	300 -- 88
	300 -- 415
	300 -- 634
	301 -- 1169
	301 -- 2492
	302 -- 306
	302 -- 350
	302 -- 719
	302 -- 1158
	302 -- 1253
	303 -- 719
	303 -- 1670
	303 -- 2143
	304 -- 279
	304 -- 1172
	304 -- 1857
	304 -- 2423
	305 -- 1416
	305 -- 1927
	306 -- 103
	306 -- 109
	306 -- 112
	306 -- 124
	306 -- 126
	306 -- 138
	306 -- 139
	306 -- 153
	306 -- 236
	306 -- 294
	306 -- 302
	306 -- 308
	306 -- 329
	306 -- 350
	306 -- 417
	306 -- 426
	306 -- 452
	306 -- 476
	306 -- 487
	306 -- 519
	306 -- 542
	306 -- 554
	306 -- 573
	306 -- 581
	306 -- 608
	306 -- 655
	306 -- 656
	306 -- 719
	306 -- 887
	306 -- 910
	306 -- 958
	306 -- 973
	306 -- 1009
	306 -- 1045
	306 -- 1072
	306 -- 1158
	306 -- 1193
	306 -- 1245
	306 -- 1251
	306 -- 1346
	306 -- 1367
	306 -- 1483
	306 -- 1490
	306 -- 1551
	306 -- 1572
	306 -- 1584
	306 -- 1640
	306 -- 1651
	306 -- 1656
	306 -- 1705
	306 -- 1770
	306 -- 1771
	306 -- 1772
	306 -- 1775
	306 -- 1779
	306 -- 1781
	306 -- 1782
	306 -- 1787
	306 -- 1797
	306 -- 1798
	306 -- 1799
	306 -- 1802
	306 -- 1804
	306 -- 1805
	306 -- 1856
	306 -- 2045
	306 -- 2046
	306 -- 2048
	306 -- 2078
	306 -- 2080
	306 -- 2084
	306 -- 2085
	306 -- 2086
	306 -- 2087
	306 -- 2088
	306 -- 2089
	306 -- 2090
	306 -- 2091
	307 -- 991
	308 -- 306
	308 -- 350
	308 -- 1253
	308 -- 1670
	308 -- 2045
	309 -- 383
	309 -- 2268
	309 -- 2305
	310 -- 150
	310 -- 352
	310 -- 875
	310 -- 892
	310 -- 990
	310 -- 1241
	310 -- 1272
	310 -- 1331
	310 -- 1581
	310 -- 1815
	310 -- 1944
	310 -- 1945
	310 -- 1946
	310 -- 1947
	310 -- 1948
	310 -- 1949
	310 -- 1950
	311 -- 343
	311 -- 690
	311 -- 1132
	311 -- 1865
	312 -- 1610
	312 -- 1722
	312 -- 1740
	313 -- 2296
	314 -- 1623
	314 -- 2000
	315 -- 408
	315 -- 423
	315 -- 1602
	315 -- 1921
	315 -- 2232
	316 -- 143
	316 -- 598
	316 -- 766
	316 -- 845
	316 -- 920
	316 -- 1073
	316 -- 1297
	316 -- 1821
	316 -- 1868
	316 -- 2004
	317 -- 1624
	317 -- 1785
	318 -- 109
	318 -- 563
	318 -- 1701
	318 -- 2045
	319 -- 1205
	320 -- 348
	320 -- 1597
	321 -- 269
	321 -- 1083
	321 -- 1450
	322 -- 228
	323 -- 55
	323 -- 162
	323 -- 498
	323 -- 2020
	323 -- 2022
	324 -- 827
	324 -- 2156
	324 -- 2194
	325 -- 787
	325 -- 1848
	326 -- 154
	326 -- 1358
	326 -- 1754
	327 -- 928
	327 -- 1325
	327 -- 1996
	327 -- 2063
	327 -- 2064
	328 -- 290
	328 -- 951
	328 -- 1250
	329 -- 306
	329 -- 1798
	329 -- 2598
	330 -- 91
	330 -- 1505
	330 -- 2123
	331 -- 1527
	331 -- 2480
	332 -- 2
	332 -- 665
	332 -- 2003
	332 -- 2122
	332 -- 2615
	333 -- 1358
	333 -- 1694
	334 -- 95
	334 -- 693
	334 -- 1013
	335 -- 1701
	335 -- 1986
	336 -- 1944
	336 -- 1950
	337 -- 1214
	337 -- 1358
	337 -- 1499
	337 -- 1776
	338 -- 1413
	338 -- 1542
	338 -- 1934
	339 -- 813
	340 -- 584
	340 -- 2463
	341 -- 613
	341 -- 1358
	341 -- 1389
	341 -- 1546
	341 -- 2045
	342 -- 1072
	342 -- 1512
	343 -- 311
	343 -- 1701
	344 -- 389
	344 -- 441
	344 -- 661
	344 -- 854
	344 -- 2323
	345 -- 833
	346 -- 999
	346 -- 1358
	347 -- 81
	347 -- 408
	347 -- 423
	347 -- 525
	348 -- 320
	348 -- 1643
	348 -- 2248
	348 -- 2250
	349 -- 419
	349 -- 465
	349 -- 2427
	350 -- 302
	350 -- 306
	350 -- 308
	350 -- 406
	350 -- 656
	350 -- 1623
	350 -- 1640
	350 -- 1775
	350 -- 1778
	350 -- 1782
	350 -- 2084
	350 -- 2085
	350 -- 2089
	350 -- 2090
	351 -- 1810
	352 -- 310
	352 -- 1294
	352 -- 1944
	353 -- 202
	353 -- 1173
	353 -- 1345
	353 -- 2507
	354 -- 659
	354 -- 1803
	354 -- 2453
	355 -- 1668
	356 -- 211
	356 -- 498
	356 -- 1259
	356 -- 2018
	356 -- 2116
	357 -- 657
	357 -- 1154
	357 -- 1358
	357 -- 2652
	358 -- 2642
	359 -- 389
	359 -- 1483
	359 -- 1620
	360 -- 1409
	360 -- 1824
	361 -- 2681
	362 -- 1966
	363 -- 1003
	364 -- 154
	364 -- 263
	364 -- 732
	364 -- 819
	364 -- 970
	364 -- 1306
	364 -- 1358
	364 -- 1606
	364 -- 1632
	364 -- 1756
	364 -- 2642
	365 -- 260
	365 -- 2469
	366 -- 553
	366 -- 745
	366 -- 1583
	366 -- 1986
	367 -- 2083
	367 -- 2451
	368 -- 428
	368 -- 996
	368 -- 1194
	368 -- 1366
	368 -- 1545
	368 -- 2249
	368 -- 2393
	369 -- 385
	369 -- 2484
	370 -- 128
	370 -- 1408
	370 -- 1414
	370 -- 1415
	370 -- 2269
	371 -- 720
	371 -- 1354
	371 -- 1414
	371 -- 1415
	371 -- 1441
	371 -- 1553
	371 -- 2375
	372 -- 626
	372 -- 1710
	372 -- 1834
	372 -- 2377
	373 -- 6
	373 -- 1025
	373 -- 1042
	374 -- 273
	374 -- 413
	374 -- 846
	374 -- 1101
	374 -- 2146
	374 -- 2147
	374 -- 2149
	375 -- 963
	375 -- 2401
	375 -- 2434
	375 -- 2435
	376 -- 220
	376 -- 672
	376 -- 1583
	377 -- 678
	377 -- 733
	377 -- 1265
	377 -- 2291
	378 -- 148
	378 -- 602
	379 -- 119
	379 -- 132
	379 -- 904
	379 -- 1022
	379 -- 1898
	379 -- 1959
	380 -- 477
	380 -- 930
	380 -- 2569
	381 -- 148
	381 -- 2518
	381 -- 2538
	382 -- 191
	382 -- 1203
	382 -- 2034
	383 -- 309
	383 -- 733
	383 -- 1704
	383 -- 2268
	384 -- 1623
	384 -- 1624
	385 -- 369
	385 -- 2483
	385 -- 2484
	386 -- 2114
	386 -- 2115
	386 -- 2117
	387 -- 231
	387 -- 519
	387 -- 2191
	388 -- 118
	388 -- 1899
	388 -- 2497
	389 -- 344
	389 -- 359
	389 -- 704
	389 -- 905
	389 -- 1077
	389 -- 1483
	389 -- 1743
	389 -- 2450
	390 -- 1108
	391 -- 68
	391 -- 493
	391 -- 1986
	391 -- 2365
	392 -- 128
	392 -- 720
	392 -- 1415
	392 -- 1619
	392 -- 1825
	392 -- 2269
	393 -- 739
	394 -- 577
	394 -- 849
	394 -- 1063
	394 -- 1064
	394 -- 2351
	395 -- 640
	395 -- 1147
	395 -- 2367
	396 -- 1217
	396 -- 1988
	397 -- 665
	397 -- 879
	397 -- 1096
	397 -- 2329
	398 -- 730
	398 -- 2177
	399 -- 133
	399 -- 544
	399 -- 1089
	399 -- 1769
	399 -- 2107
	400 -- 1354
	401 -- 54
	401 -- 104
	401 -- 733
	401 -- 1065
	401 -- 1096
	401 -- 1160
	402 -- 507
	402 -- 776
	402 -- 1413
	402 -- 1542
	402 -- 1932
	402 -- 1936
	402 -- 1940
	403 -- 464
	403 -- 806
	403 -- 1037
	403 -- 1383
	403 -- 1742
	403 -- 2503
	403 -- 2654
	404 -- 1170
	404 -- 1476
	405 -- 738
	405 -- 1275
	405 -- 1927
	405 -- 2059
	406 -- 134
	406 -- 350
	406 -- 505
	406 -- 2505
	407 -- 409
	407 -- 695
	407 -- 1681
	407 -- 1682
	408 -- 315
	408 -- 347
	408 -- 525
	408 -- 734
	408 -- 1841
	408 -- 2056
	409 -- 407
	409 -- 1624
	409 -- 1681
	409 -- 2084
	410 -- 676
	410 -- 1179
	411 -- 1096
	411 -- 1488
	411 -- 1577
	411 -- 2609
	412 -- 56
	412 -- 1616
	412 -- 1849
	413 -- 374
	414 -- 711
	415 -- 88
	415 -- 204
	415 -- 300
	415 -- 525
	415 -- 593
	415 -- 737
	415 -- 818
	415 -- 851
	415 -- 966
	415 -- 1174
	415 -- 1309
	415 -- 1527
	415 -- 1644
	415 -- 1677
	415 -- 1843
	415 -- 1847
	415 -- 1850
	415 -- 1908
	415 -- 2014
	415 -- 2178
	415 -- 2182
	416 -- 519
	416 -- 1701
	417 -- 306
	417 -- 1072
	417 -- 1871
	417 -- 2034
	417 -- 2494
	418 -- 269
	419 -- 349
	420 -- 199
	420 -- 1869
	421 -- 2213
	421 -- 2216
	422 -- 545
	423 -- 81
	423 -- 315
	423 -- 347
	423 -- 525
	423 -- 527
	424 -- 436
	424 -- 1203
	425 -- 2466
	426 -- 109
	426 -- 306
	426 -- 487
	426 -- 1772
	426 -- 1777
	426 -- 1782
	426 -- 1789
	426 -- 1805
	427 -- 565
	427 -- 1528
	428 -- 368
	428 -- 996
	428 -- 1257
	428 -- 2248
	428 -- 2671
	429 -- 38
	429 -- 86
	429 -- 196
	429 -- 523
	429 -- 705
	429 -- 794
	429 -- 863
	429 -- 1493
	429 -- 1618
	429 -- 1669
	429 -- 1807
	429 -- 1889
	429 -- 2001
	429 -- 2041
	429 -- 2043
	429 -- 2044
	430 -- 2130
	431 -- 2694
	431 -- 2695
	432 -- 1442
	432 -- 1597
	433 -- 436
	433 -- 756
	434 -- 1117
	434 -- 1524
	434 -- 1693
	434 -- 2133
	434 -- 2408
	435 -- 486
	435 -- 733
	435 -- 1912
	436 -- 424
	436 -- 433
	436 -- 483
	436 -- 498
	436 -- 668
	436 -- 816
	436 -- 878
	436 -- 885
	436 -- 1039
	436 -- 1131
	436 -- 1332
	436 -- 1494
	436 -- 1977
	436 -- 1978
	436 -- 1979
	436 -- 1980
	436 -- 1981
	436 -- 1982
	437 -- 498
	437 -- 718
	437 -- 950
	437 -- 1495
	437 -- 1985
	438 -- 718
	438 -- 787
	438 -- 1667
	438 -- 1983
	438 -- 1984
	438 -- 1985
	439 -- 1169
	439 -- 1642
	440 -- 441
	440 -- 725
	440 -- 895
	440 -- 1296
	440 -- 1913
	440 -- 2179
	441 -- 70
	441 -- 129
	441 -- 193
	441 -- 344
	441 -- 440
	441 -- 454
	441 -- 671
	441 -- 1455
	441 -- 1537
	441 -- 2094
	441 -- 2184
	442 -- 196
	442 -- 286
	442 -- 588
	442 -- 627
	442 -- 698
	442 -- 1051
	442 -- 2120
	442 -- 2362
	443 -- 1010
	443 -- 1264
	443 -- 1531
	443 -- 1966
	444 -- 488
	444 -- 515
	444 -- 582
	444 -- 623
	444 -- 828
	444 -- 2289
	444 -- 2290
	444 -- 2464
	445 -- 909
	445 -- 1434
	446 -- 118
	446 -- 903
	446 -- 1507
	447 -- 56
	447 -- 1616
	447 -- 1849
	447 -- 2638
	448 -- 472
	448 -- 1824
	448 -- 1826
	448 -- 1902
	449 -- 73
	449 -- 1280
	449 -- 1834
	449 -- 2581
	450 -- 1569
	450 -- 2538
	451 -- 671
	451 -- 935
	451 -- 2285
	452 -- 133
	452 -- 306
	452 -- 1258
	452 -- 1623
	453 -- 1806
	453 -- 2305
	453 -- 2306
	454 -- 118
	454 -- 441
	454 -- 581
	454 -- 973
	454 -- 1441
	454 -- 1661
	454 -- 1917
	454 -- 2022
	454 -- 2188
	454 -- 2189
	454 -- 2190
	455 -- 1664
	455 -- 2147
	455 -- 2486
	456 -- 95
	456 -- 142
	456 -- 525
	456 -- 544
	456 -- 667
	456 -- 1580
	456 -- 2054
	456 -- 2199
	456 -- 2347
	456 -- 2472
	457 -- 51
	457 -- 1201
	457 -- 2215
	457 -- 2216
	458 -- 125
	458 -- 193
	458 -- 1122
	458 -- 1276
	458 -- 1555
	458 -- 1953
	459 -- 109
	459 -- 153
	459 -- 1623
	459 -- 1681
	460 -- 1986
	460 -- 1989
	460 -- 2532
	461 -- 1203
	461 -- 2309
	462 -- 1048
	463 -- 1702
	463 -- 1703
	463 -- 1964
	463 -- 1966
	464 -- 403
	464 -- 1758
	464 -- 2444
	464 -- 2445
	465 -- 349
	465 -- 896
	465 -- 1403
	465 -- 1869
	465 -- 2304
	466 -- 970
	466 -- 1305
	466 -- 1358
	466 -- 1738
	466 -- 2546
	467 -- 1172
	467 -- 1701
	467 -- 1708
	468 -- 647
	468 -- 1311
	468 -- 1313
	469 -- 620
	469 -- 2304
	469 -- 2412
	470 -- 652
	470 -- 854
	470 -- 857
	470 -- 1097
	470 -- 1115
	471 -- 1013
	471 -- 2013
	471 -- 2394
	472 -- 264
	472 -- 448
	472 -- 559
	472 -- 844
	472 -- 1182
	472 -- 1183
	472 -- 1825
	472 -- 2029
	473 -- 194
	473 -- 243
	473 -- 1575
	473 -- 2647
	474 -- 1181
	475 -- 2219
	476 -- 10
	476 -- 306
	476 -- 1140
	476 -- 1800
	476 -- 1986
	477 -- 380
	477 -- 930
	477 -- 2569
	478 -- 514
	478 -- 1978
	478 -- 2024
	479 -- 132
	479 -- 1880
	480 -- 598
	480 -- 687
	480 -- 1426
	480 -- 1710
	480 -- 2359
	480 -- 2372
	481 -- 823
	481 -- 1287
	481 -- 1810
	481 -- 2291
	482 -- 218
	482 -- 790
	482 -- 1807
	482 -- 1810
	482 -- 1812
	482 -- 1814
	482 -- 2230
	482 -- 2307
	482 -- 2308
	483 -- 120
	483 -- 436
	483 -- 816
	483 -- 2405
	484 -- 103
	484 -- 542
	484 -- 1367
	484 -- 1699
	484 -- 1775
	484 -- 2046
	484 -- 2081
	485 -- 62
	485 -- 839
	485 -- 1042
}
